Introducing contestants...
* Player 1, weighing 609 bytes, "Octobre Rouge V4.2" ("And the winner is ...") !
* Player 2, weighing 609 bytes, "Octobre Rouge V4.2" ("And the winner is ...") !
* Player 3, weighing 609 bytes, "Octobre Rouge V4.2" ("And the winner is ...") !
0x0000 : 03 70 01 00 13 02 90 00 00 00 00 0f 0c 00 06 09 01 8c 01 ff ff ff ff 0c 01 84 09 ff f8 01 00 00 1a 03 70 06 17 03 70 01 00 0d 02 90 00 00 00 00 0f 01 ff ff ff fd 09 ff fb 01 00 00 00 2a 0c 00
0x0040 : 17 03 70 01 00 0d 02 90 00 00 00 00 0f 01 ff ff ff fe 09 ff fb 01 00 00 00 2a 0c 00 17 03 70 01 00 0d 02 90 00 00 00 00 0f 01 ff ff ff ff 09 ff fb 01 00 00 00 2a 0c ff a7 03 70 01 00 0d 02 90
0x0080 : 00 00 00 00 0f 01 ff ff ff ff 09 ff fb 01 00 00 00 2a 03 70 08 fe 70 03 70 08 fe 70 03 70 08 fe 70 03 70 08 fe 70 03 70 08 fe 70 03 70 08 fe 70 03 70 08 fe 70 03 70 08 fe 70 03 70 08 fe 70 03
0x00c0 : 70 08 fe 70 03 70 08 fe 70 03 70 08 fe 70 03 70 08 fe 70 03 70 08 fe 70 03 70 08 fe 70 03 70 08 fe 70 03 70 08 fe 70 03 70 08 fe 70 03 70 08 fe 70 03 70 08 fe 70 1a 03 70 06 17 03 70 06 fe 70
0x0100 : 03 70 08 fe 70 03 70 08 fe 70 03 70 08 fe 70 03 70 08 fe 70 03 70 08 fe 70 03 70 08 fe 70 03 70 08 fe 70 03 70 08 fe 70 03 70 08 fe 70 03 70 08 fe 70 03 70 08 fe 70 03 70 08 fe 70 03 70 08 fe
0x0140 : 70 03 70 08 fe 70 03 70 08 fe 70 03 70 08 fe 70 03 70 08 fe 70 03 70 08 fe 70 03 70 08 fe 70 03 70 08 fe 70 03 70 08 fe 70 03 70 08 fe 70 1a 13 17 1a 03 70 06 00 fe 70 03 70 08 fe 70 03 70 08
0x0180 : fe 70 03 70 08 fe 70 03 70 08 fe 70 03 70 08 fe 70 02 90 00 00 00 00 0f 09 fe f5 01 00 00 00 2a 0c 00 2b 01 00 00 00 2a 0c 00 52 01 00 00 00 2a 0c 00 78 02 90 03 70 03 00 03 02 90 13 03 70 06
0x01c0 : 06 02 90 00 00 00 00 0f 09 00 8a 01 00 00 00 2a 0c ff cb 01 00 00 00 2a 0c fe 45 02 90 0f 03 70 06 03 02 90 17 03 70 13 03 70 06 00 00 00 00 0f 02 90 00 00 00 00 0f 09 00 5b 17 03 70 06 2a 0c
0x0200 : fe 8e 02 90 ff ff 01 1a 03 70 06 13 03 70 06 03 70 06 00 00 00 00 0f 02 90 00 00 00 00 0f 02 90 00 00 00 00 0f 09 00 2d 03 50 13 03 70 06 0f 03 70 00 00 00 00 00 00 00 00 0f 02 90 00 00 00 00
0x0240 : 0f 02 90 00 00 00 00 0f 02 90 00 00 00 00 0f 09 00 03 03 70 03 00 13 03 70 06 ff ff 01 00 00 00 2a 03 70 03 03 03 70 03 00 03 70 03 00 17 03 70 13 03 70 06 17 0f 03 13 03 70 06 0f 03 70 06 0f
0x0280 : 03 70 1a 03 70 06 0f 03 70 06 42 1a 17 17 1a 1a 13 17 ff ff 01 42 ff ff 01 03 70 03 00 0f 17 17 13 1a 1a 1a 03 70 06 13 03 70 03 00 17 1a 1a 13 17 1a 13 17 03 70 06 13 13 13 1a 17 03 70 06 17
0x02c0 : 13 1a 17 13 17 13 17 17 03 70 03 00 13 17 1a 1a 1a 1a 13 17 1a 17 13 17 ff 03 70 03 03 70 03 00 13 03 70 06 13 1a 17 13 1a 17 1a 1a 0f 03 70 17 03 70 06 1a 13 1a 17 17 1a 17 1a 17 13 17 1a 03
0x0300 : 70 03 00 13 03 70 06 1a 17 17 1a 13 03 70 06 13 1a ff 03 70 03 00 0f 03 70 ff ff 13 03 70 06 70 06 03 13 03 70 06 13 03 70 06 13 17 1a 13 17 1a 13 17 1a 13 17 17 1a 1a 13 17 13 13 1a 17 1a 03
0x0340 : 70 03 00 13 17 1a 13 1a 1a 13 13 1a 17 1a 1a 17 1a 1a ff ff 01 42 1a 13 17 13 1a 17 03 70 06 00 ff ff 01 42 03 70 03 00 ff 17 03 70 ff ff 01 42 06 70 03 00 0f 03 70 06 03 70 03 13 03 70 06 06
0x0380 : 13 03 70 06 ff 01 13 03 70 06 70 06 03 1a 03 70 06 06 ff ff 01 42 03 70 03 0f 03 70 06 70 03 00 03 1a 03 17 03 70 06 13 03 70 06 06 13 03 70 06 70 06 00 17 03 70 06 70 06 00 13 1a 03 70 06 06
0x03c0 : 00 17 03 17 03 70 06 13 03 70 06 06 13 03 70 13 03 70 06 06 00 00 13 03 70 06 70 03 03 70 03 00 00 00 13 1a 03 70 06 13 17 03 70 06 03 70 06 13 03 70 06 17 03 70 06 03 70 06 06 13 03 70 06 03
0x0400 : 70 06 1a 1a 17 1a 03 70 06 00 1a 03 70 06 13 03 70 ff ff 01 42 70 13 03 70 13 17 03 1a 03 70 06 00 03 70 06 70 13 1a 03 70 06 03 70 06 13 00 00 00 00 00 00 13 03 70 06 17 03 70 06 03 70 13 03
0x0440 : 70 06 13 03 70 06 13 13 13 03 70 03 00 13 1a 1a 13 1a 1a 13 13 03 70 00 00 00 00 1a 00 00 00 00 ff 00 00 00 00 00 00 00 00 00 00 13 03 1a 03 70 06 00 00 00 1a 03 70 06 00 13 00 00 00 00 06 1a
0x0480 : 03 70 06 06 00 00 00 00 00 00 00 00 00 06 00 00 00 00 06 00 00 00 00 03 00 00 00 00 06 00 00 00 00 70 00 00 00 00 06 00 00 00 00 00 00 00 00 00 06 00 00 00 00 03 00 00 00 00 06 00 00 00 00 00
0x04c0 : 00 00 00 00 00 0f 03 70 06 06 00 00 17 03 70 06 70 06 00 17 00 00 00 00 00 00 00 00 00 06 00 00 00 00 03 00 00 1a 03 70 06 17 1a 17 13 03 70 06 00 70 00 00 00 00 17 00 00 00 00 70 00 00 00 00
0x0500 : 70 00 00 00 00 00 00 00 00 00 13 00 00 17 13 1a 03 70 06 00 06 00 00 00 00 06 00 00 00 00 1a 00 00 00 00 00 00 00 00 00 06 00 00 00 00 06 00 00 00 00 00 00 00 00 00 00 13 03 70 06 1a 17 17 13
0x0540 : 17 13 17 1a 1a 03 70 00 00 00 00 00 00 00 00 00 13 00 00 00 00 03 13 03 70 06 03 70 06 17 03 70 06 70 06 06 70 13 03 70 06 70 06 fd 17 03 70 06 ff f8 01 00 17 03 70 06 1a 03 70 06 03 70 06 02
0x0580 : 90 00 00 00 00 0f 01 ff ff ff fe 09 ff fb 01 00 00 00 2a 0c 00 1a 00 00 00 00 00 00 00 00 00 00 00 0f 01 13 03 70 06 09 ff fb 01 00 00 00 2a 0c 00 17 03 70 01 00 0d 02 90 00 00 00 00 0f 01 ff
0x05c0 : ff ff fd 09 ff fb 01 00 00 00 2a 0c ff a7 03 70 1a 03 70 06 90 00 00 00 00 0f 01 ff ff ff ff 09 ff fb 01 13 03 70 06 03 70 08 fe 70 03 70 08 fe 70 03 70 08 fe 70 03 70 17 03 70 06 70 08 fe 70
0x0600 : 17 03 70 06 17 03 70 06 fe 70 03 70 1a 03 70 06 70 06 fe 70 03 70 08 fe 70 03 70 08 fe 70 03 70 08 fe 70 03 70 08 fe 70 03 70 08 fe 70 03 70 08 fe 70 03 70 08 fe 70 03 70 08 fe 70 03 70 08 fe
0x0640 : 70 03 70 08 fe 70 03 70 08 fe 70 03 70 08 fe 70 03 70 08 fe 17 03 70 06 fe 70 00 00 00 1a 03 70 06 08 fe 70 03 70 08 fe 70 03 70 08 fe 70 03 70 08 fe 70 03 17 17 03 70 17 03 70 06 03 70 06 08
0x0680 : fe 70 03 70 08 fe 70 03 70 08 fe 70 03 70 08 fe 70 03 70 08 fe 70 00 00 00 00 00 00 00 08 fe 70 03 70 08 fe 70 03 70 08 fe 70 03 70 08 fe 70 03 70 08 fe 70 03 70 08 fe 70 03 70 08 fe 70 03 70
0x06c0 : 17 03 70 06 70 08 fe 70 03 1a 03 70 06 03 70 08 fe 70 03 13 03 70 06 03 70 08 fe 70 03 70 08 fe 70 03 70 08 fe 70 02 90 00 00 00 00 0f 09 fe f5 01 00 00 00 2a 0c 00 2b 01 00 00 00 2a 0c 00 52
0x0700 : 01 00 00 00 0f 03 70 06 02 90 03 70 03 0f 03 70 06 13 03 70 06 06 02 90 00 00 00 00 0f 09 00 8a 01 00 00 00 2a 0c ff cb 01 00 00 00 2a 0c fe 45 02 90 0f 03 70 06 03 02 90 17 03 70 06 06 02 90
0x0740 : 00 00 00 00 0f 02 90 00 00 00 00 0f 09 00 5b 01 00 00 00 2a 0c fe 8e 02 90 ff ff 01 0f 03 70 06 1a 03 70 1a 03 70 06 00 00 00 00 0f 02 90 00 00 00 00 0f 02 90 00 00 00 00 0f 00 00 00 00 00 01
0x0780 : 03 02 90 0f 03 70 00 00 00 00 00 00 00 00 0f 02 90 00 00 00 00 00 00 00 00 06 00 00 0f 02 90 00 00 00 00 0f 09 00 03 03 70 03 00 17 03 70 06 ff ff 01 00 00 00 2a ff ff 01 42 ff ff 01 42 0f 03
0x07c0 : 70 06 03 70 06 0f 1a 0f 13 13 0f 03 70 06 00 00 0f 03 70 06 00 00 00 00 00 00 00 00 00 00 00 00 00 00 00 00 00 00 17 03 70 06 00 00 00 00 00 00 00 00 17 03 70 06 00 00 00 00 00 00 00 00 00 00
0x0800 : 00 00 00 00 00 00 00 00 00 00 00 00 00 ff ff 01 42 1a 03 70 06 00 00 00 00 00 00 00 00 00 00 00 00 00 00 00 00 00 00 00 00 00 00 00 00 00 00 00 00 00 00 00 00 00 00 00 00 00 00 00 00 00 00 00
0x0840 : 00 00 00 00 00 00 00 00 00 00 00 00 00 00 00 00 00 00 00 00 00 00 00 00 00 00 00 00 00 00 00 00 00 00 00 00 00 00 00 00 00 00 00 00 00 00 00 00 00 00 00 00 00 00 00 00 00 00 00 00 00 00 00 00
0x0880 : 00 00 00 00 00 00 00 00 00 00 00 00 00 00 00 00 00 00 00 00 00 00 00 00 00 00 00 00 00 00 00 00 00 00 00 00 00 00 00 00 00 00 00 00 00 00 00 00 00 00 00 00 00 ff ff ff ff 00 00 00 00 00 00 00
0x08c0 : 00 03 70 03 00 0f 03 70 06 13 0f 13 03 70 06 17 0f 03 70 06 70 06 00 17 03 70 06 ff 1a 03 70 06 0f 03 70 06 00 00 00 00 00 00 00 00 00 00 00 00 00 00 00 00 00 00 00 00 00 00 00 00 00 00 00 00
0x0900 : 00 00 00 00 00 00 00 00 00 00 00 00 00 00 00 00 00 00 00 00 00 00 00 00 00 00 00 00 00 00 00 00 00 00 00 00 00 00 00 00 00 00 00 00 00 00 00 00 00 00 00 00 00 00 00 00 00 00 00 00 00 00 00 00
0x0940 : 00 00 00 00 00 00 00 00 00 00 00 00 00 00 00 00 00 00 00 00 00 00 00 00 00 00 00 00 00 00 00 00 00 00 00 00 00 00 00 00 00 00 00 00 00 00 00 00 00 00 00 00 00 00 00 00 00 00 00 00 00 00 00 00
0x0980 : 00 00 00 00 00 00 00 00 00 00 00 00 00 00 00 00 00 00 00 00 00 00 00 00 00 00 00 00 00 00 00 00 00 00 00 00 00 00 00 00 00 00 00 00 00 00 00 00 00 00 00 00 00 00 00 00 00 00 00 00 00 00 00 00
0x09c0 : 00 00 00 00 00 00 00 00 00 00 00 00 00 00 06 00 00 00 00 00 00 00 00 00 06 00 00 00 00 70 00 00 00 00 70 00 00 00 00 06 00 00 00 00 70 00 00 00 00 13 00 00 00 00 00 00 00 00 00 00 00 00 00 00
0x0a00 : 70 00 00 00 00 06 00 00 00 00 00 00 00 00 00 00 00 00 00 00 00 00 00 00 00 00 00 00 00 00 00 00 00 00 00 00 00 00 00 00 00 00 00 00 00 00 00 00 00 00 00 00 00 00 00 00 00 00 00 00 00 00 00 00
0x0a40 : 00 00 00 00 00 00 00 00 00 00 00 00 00 00 00 00 00 00 00 00 00 00 00 00 00 00 00 00 00 00 00 00 00 00 00 00 00 00 00 00 00 00 00 00 00 00 00 00 00 00 00 00 00 00 00 00 00 00 00 00 00 00 00 00
0x0a80 : 00 00 00 00 00 00 00 00 00 00 00 00 00 00 00 00 00 00 00 00 00 00 00 00 00 00 00 00 00 00 00 00 00 00 00 00 00 00 00 00 00 00 03 70 01 00 13 02 90 00 00 00 00 0f 0c 00 06 09 01 8c 01 ff ff ff
0x0ac0 : fd 0c 01 84 09 ff f8 01 00 00 00 1a 03 70 06 03 70 01 00 0d 02 90 00 00 00 00 0f 01 ff ff ff fe 09 ff fb 01 00 00 00 2a 0c 00 17 03 70 01 00 0d 02 90 00 00 00 00 0f 01 ff ff ff fe 09 ff fb 01
0x0b00 : 00 00 1a 03 70 06 17 03 70 01 00 0d 02 90 00 00 00 00 0f 01 ff ff ff fe 09 ff fb 01 00 00 00 2a 0c ff a7 03 70 01 00 0d 02 90 00 00 00 00 0f 01 ff ff ff fe 09 ff fb 01 00 00 00 2a 03 70 08 fe
0x0b40 : 70 03 70 08 fe 70 03 70 08 fe 70 03 70 08 fe 70 03 70 08 fe 70 03 70 08 fe 70 03 70 08 fe 70 03 70 08 fe 70 03 70 08 fe 70 03 70 08 fe 70 03 70 08 fe 70 03 70 08 fe 70 03 70 08 fe 70 03 70 08
0x0b80 : fe 70 03 70 08 fe 70 03 70 08 fe 70 03 70 08 fe 70 03 70 08 fe 70 03 70 08 fe 70 03 70 08 fe 70 03 70 08 fe 70 03 70 08 fe 70 03 70 08 fe 70 03 70 08 fe 70 03 70 08 fe 70 03 70 08 fe 70 03 70
0x0bc0 : 08 fe 70 03 70 08 fe 70 03 70 08 fe 70 03 70 08 fe 70 03 70 08 fe 70 03 70 08 fe 70 03 70 08 fe 70 03 70 08 fe 70 03 70 08 fe 70 03 70 08 fe 70 03 70 08 fe 70 03 70 08 fe 70 03 70 08 fe 70 03
0x0c00 : 70 08 fe 70 03 70 08 fe 70 03 70 08 fe 70 03 70 08 fe 70 03 70 08 fe 70 03 70 08 fe 70 03 70 08 fe 70 03 70 08 fe 70 03 70 08 fe 70 03 70 08 fe 70 03 70 08 fe 70 03 70 08 fe 70 02 0f 03 70 06
0x0c40 : 00 0f 09 fe f5 01 00 00 00 2a 0c 00 17 03 70 06 00 2a 0c 00 52 01 00 00 00 2a 0c 00 78 02 90 03 70 03 00 03 02 90 13 03 70 17 03 70 06 00 00 00 00 0f 09 00 8a 01 00 13 03 70 06 ff cb 01 00 00
0x0c80 : 00 2a 0c fe 45 02 90 0f 03 70 06 03 02 90 17 03 70 06 06 02 90 00 00 00 00 0f 02 90 00 00 00 00 0f 09 00 5b 01 00 00 00 2a 0c fe 8e 02 90 ff ff 01 42 03 02 90 1a 03 70 06 06 02 90 00 00 00 00
0x0cc0 : 0f 02 90 00 00 00 00 0f 02 90 00 00 00 00 0f 09 00 2d 03 50 01 03 02 90 0f 03 70 00 00 00 00 00 00 00 00 0f 02 90 00 00 00 00 0f 02 90 00 00 00 00 0f 02 90 00 00 00 00 0f 09 00 03 03 70 03 00
0x0d00 : 1a 03 70 06 ff ff 01 00 00 00 2a 03 70 03 00 ff ff 01 42 ff ff 01 ff ff 01 42 0f 17 1a 0f 03 70 06 00 00 00 00 ff ff ff fd 00 00 00 00 00 00 00 00 00 00 00 00 00 00 00 00 00 00 00 00 00 00 00
0x0d40 : 00 00 00 00 00 00 00 00 00 00 00 00 00 00 00 00 00 00 00 00 00 00 00 00 00 00 00 00 00 00 00 00 00 00 00 00 00 00 00 00 00 00 00 00 00 00 00 00 00 00 00 00 00 00 00 00 00 00 00 00 00 00 00 00
0x0d80 : 00 00 00 00 00 00 00 00 00 00 00 00 00 00 00 00 00 00 00 00 00 00 00 00 00 00 00 00 00 00 00 00 00 00 00 00 00 00 00 00 00 00 00 00 00 00 00 00 00 00 00 00 00 00 00 00 00 00 00 00 00 00 00 00
0x0dc0 : 00 00 00 00 00 00 00 00 00 00 00 00 00 00 00 00 00 00 00 00 00 00 00 00 00 00 00 00 00 00 00 00 00 00 00 00 00 00 00 00 00 00 00 00 00 00 00 00 00 00 00 00 00 00 00 00 00 00 00 00 00 00 00 00
0x0e00 : 00 00 00 00 00 00 00 00 00 00 ff ff 01 42 00 00 00 00 00 00 00 00 ff ff 01 42 0f 03 70 06 13 0f 13 03 70 06 17 ff ff ff fe 06 00 00 00 00 1a 03 70 06 70 06 00 1a 03 70 06 70 06 00 1a 03 70 06
0x0e40 : 70 06 00 1a 03 70 06 70 06 00 1a 03 70 06 70 06 00 1a 03 70 06 70 06 00 1a 03 70 06 70 06 00 1a 03 70 06 70 06 00 1a 03 70 06 70 06 00 1a 03 70 06 03 70 06 00 00 00 00 00 00 00 00 00 00 00 00
0x0e80 : 00 00 00 00 00 00 00 00 00 00 00 00 00 00 00 00 00 00 00 00 00 00 00 00 00 00 00 00 00 00 00 00 00 00 00 00 00 00 00 00 00 00 00 00 00 00 00 00 00 00 00 00 00 00 00 00 00 00 00 00 00 00 00 00
0x0ec0 : 00 00 00 00 00 00 00 00 00 00 00 00 00 00 00 00 00 00 00 00 00 00 00 00 00 00 00 00 00 00 00 00 00 00 00 00 00 00 00 00 00 00 00 00 00 00 00 00 00 00 00 00 00 00 00 00 00 00 00 00 00 00 00 00
0x0f00 : 00 00 00 00 00 00 00 00 00 00 00 00 00 00 00 00 00 00 00 00 00 00 00 00 00 00 00 00 00 00 00 00 00 00 00 00 13 00 00 00 00 00 00 00 00 00 00 00 00 00 00 06 00 00 00 00 00 00 00 00 00 00 00 00
0x0f40 : 00 00 00 00 00 00 00 00 00 00 00 00 00 00 00 00 00 00 00 00 00 00 00 00 00 00 00 00 00 00 00 00 00 00 00 00 00 00 00 00 00 00 00 00 00 00 00 00 00 00 00 00 00 00 00 00 00 00 00 00 00 00 00 00
0x0f80 : 00 00 00 00 00 00 00 00 00 00 00 00 00 00 00 00 00 00 00 00 00 00 00 00 00 00 00 00 00 00 00 00 00 00 00 00 00 00 00 00 00 00 00 00 00 00 00 00 00 00 00 00 00 00 00 00 00 00 00 00 00 00 00 00
0x0fc0 : 00 00 00 00 00 00 00 00 00 00 00 00 00 00 00 00 00 00 00 00 00 00 00 00 00 00 00 00 00 00 1a 03 70 06 13 17 17 17 03 70 00 00 00 00 00 00 00 00 00 00 00 00 00 00 00 00 00 00 00 00 00 00 00 00

all time cycles is 25902
Contestant 3, "Octobre Rouge V4.2", has won !
